000100
000150
000250
000270
000660
000720
000810
000880
000990
0009K0
001440
003230
003380
003490
003550
003670
004170
005290
005380
005387
005490
005830
005930
005935
005940
006260
006400
006800
007390
007660
009150
009540
009830
010120
010130
010140
010170
010950
011070
011200
012330
012450
0126Z0
015760
016360
017670
018260
021240
024110
028050
028260
028300
029780
030200
030530
031330
031980
032500
032640
032820
032830
033780
034020
034220
034730
035420
035720
035900
036540
036930
038500
039030
039200
039490
041510
042660
042700
043260
047040
047050
047810
051910
055550
058470
058610
060370
062040
064350
064400
064760
065350
066570
067310
068270
068760
071050
074600
078600
078930
079550
080220
082920
083450
083650
084370
085660
086280
086520
086790
087010
089030
089970
090360
090430
090710
095340
095610
096530
096770
098460
099320
100790
101490
105560
108490
127120
131290
131970
137400
138040
140410
140860
141080
145020
161390
161580
166090
178320
180640
183300
189300
195940
196170
204270
207940
214150
214370
214450
218410
222800
226950
232140
237690
240810
241560
247540
257720
259960
263750
267250
267260
267270
272210
277810
278470
281740
290650
298040
298380
307950
310210
316140
319400
319660
323280
323410
326030
329180
347700
347850
352820
353200
357780
373220
377300
388210
388720
397030
402340
403870
417200
420770
437730
440110
443060
454910
458870
475830
476830
491000